2019-08-06	¿ÀÀü 9:27
Function	Cp-Q
Auto Range	Enabled
Manual Impedance Range	100	Ohms
Signal Frequency	1000.000000	Hz
Signal Type	Voltage
Signal Level	1.000000
Measurement Time	Medium
Averaging Factor	1.000000
Sampling Rate	5.000000	Hz
Cp	Q
1.513220E-11	476.448000
1.512750E-11	366.221000
1.513160E-11	371.459000
1.512020E-11	422.851000
1.511840E-11	510.302000
1.511670E-11	472.026000
1.513360E-11	517.788000
1.513290E-11	494.397000
1.511890E-11	640.357000
1.513610E-11	466.444000
1.512260E-11	580.834000
1.511970E-11	681.822000
1.513530E-11	469.020000
1.512220E-11	533.273000
1.512900E-11	399.628000
1.513080E-11	427.242000
1.512860E-11	603.558000
1.511940E-11	452.633000
1.512770E-11	370.287000
1.513630E-11	438.671000
1.513580E-11	431.638000
1.511730E-11	481.516000
1.513390E-11	627.396000
1.513020E-11	563.437000
1.511960E-11	575.838000
1.512020E-11	397.683000
1.512150E-11	519.478000
1.512210E-11	372.487000
1.512590E-11	438.822000
1.512480E-11	397.546000
1.510410E-11	465.750000
1.510800E-11	454.672000
1.508590E-11	506.615000
1.508010E-11	541.685000
1.506990E-11	545.355000
1.508390E-11	547.470000
1.507250E-11	612.752000
1.506500E-11	478.845000
1.507310E-11	430.331000
1.510620E-11	450.264000
1.511120E-11	434.672000
1.511680E-11	373.939000
1.511920E-11	513.325000
1.512600E-11	532.042000
1.511190E-11	465.226000
1.512590E-11	516.477000
1.512230E-11	465.949000
1.511990E-11	519.305000
1.512850E-11	521.038000
1.513780E-11	500.872000
1.512750E-11	562.712000
1.512910E-11	545.679000
1.513230E-11	369.323000
1.512530E-11	426.583000
1.513240E-11	388.485000
1.513250E-11	445.147000
1.513220E-11	461.438000
1.511550E-11	573.996000
1.512370E-11	502.584000
1.512920E-11	649.400000
1.512210E-11	580.107000
1.512270E-11	402.657000
1.511630E-11	428.821000
1.512720E-11	433.966000
1.513480E-11	549.823000
1.513150E-11	355.899000
1.512600E-11	396.043000
1.512050E-11	527.190000
1.512020E-11	388.061000
1.512440E-11	359.026000
1.512540E-11	499.043000
1.512870E-11	555.915000
1.512710E-11	536.279000
1.511960E-11	563.294000
1.512220E-11	464.565000
1.513060E-11	402.856000
1.512540E-11	415.679000
1.511800E-11	478.901000
1.512310E-11	414.403000
1.513000E-11	508.728000
1.512530E-11	472.395000
1.512670E-11	599.304000
1.511950E-11	412.021000
1.512800E-11	539.951000
1.513360E-11	544.119000
1.512850E-11	431.143000
1.514020E-11	487.157000
1.513330E-11	586.029000
1.512630E-11	453.272000
1.512400E-11	346.083000
1.512910E-11	422.452000
1.513030E-11	437.969000
1.513520E-11	483.440000
1.512390E-11	529.186000
1.513520E-11	514.363000
1.513280E-11	548.761000
1.512410E-11	555.338000
1.512050E-11	415.742000
1.513240E-11	465.680000
1.512270E-11	388.283000
1.513920E-11	519.947000
1.512790E-11	460.898000
1.511850E-11	393.802000
1.512110E-11	495.830000
1.511920E-11	512.526000
1.511830E-11	455.152000
1.512730E-11	595.604000
1.513560E-11	497.715000
1.512980E-11	617.034000
1.512540E-11	601.051000
1.512110E-11	540.288000
1.512650E-11	445.545000
1.511790E-11	404.552000
1.512390E-11	480.793000
1.512340E-11	409.547000
1.513460E-11	484.918000
1.512840E-11	633.017000
1.513690E-11	483.631000
1.512360E-11	584.669000
1.513360E-11	601.886000
1.513580E-11	423.765000
1.512650E-11	392.557000
1.512720E-11	438.879000
1.512670E-11	392.645000
1.512010E-11	392.444000
1.512270E-11	565.895000
1.512300E-11	414.670000
1.512560E-11	545.621000
1.512800E-11	528.071000
1.512910E-11	623.729000
1.513020E-11	347.790000
1.513590E-11	367.638000
1.513570E-11	434.786000
1.512130E-11	577.519000
1.512260E-11	427.761000
1.512430E-11	592.376000
1.512290E-11	424.473000
1.512020E-11	418.640000
1.512910E-11	562.107000
1.513550E-11	575.117000
1.513020E-11	456.398000
1.512970E-11	569.975000
1.513440E-11	432.030000
1.512670E-11	380.360000
1.513740E-11	385.864000
1.513610E-11	541.055000
1.513570E-11	614.162000
1.511810E-11	424.941000
1.513040E-11	575.090000
1.512550E-11	713.157000
1.512770E-11	557.008000
1.512270E-11	403.494000
1.513550E-11	471.524000
1.512860E-11	399.313000
1.512830E-11	506.185000
1.513910E-11	407.673000
1.512570E-11	410.207000
1.513160E-11	515.869000
1.512460E-11	392.659000
1.512390E-11	399.934000
1.513460E-11	492.722000
1.513000E-11	611.550000
1.512480E-11	675.985000
1.512100E-11	546.186000
1.511910E-11	499.898000
1.512360E-11	445.005000
1.512510E-11	399.192000
1.513420E-11	507.946000
1.513260E-11	373.365000
1.513320E-11	545.563000
1.512090E-11	476.157000
1.512620E-11	567.935000
1.512400E-11	361.544000
1.512200E-11	694.739000
1.513260E-11	546.265000
1.513790E-11	416.118000
1.512560E-11	635.934000
1.512910E-11	753.038000
1.513040E-11	418.422000
1.512950E-11	398.613000
1.513080E-11	441.548000
1.512740E-11	495.327000
1.512940E-11	624.663000
1.512530E-11	498.665000
1.512340E-11	567.367000
1.512590E-11	541.591000
1.512480E-11	527.203000
1.512800E-11	406.684000
1.513330E-11	541.474000
1.513500E-11	422.945000
1.512350E-11	542.007000
1.513260E-11	407.839000
1.513060E-11	411.191000
1.512770E-11	389.216000
1.513700E-11	483.035000
1.513500E-11	443.611000
1.511920E-11	654.067000
1.511370E-11	501.911000
1.512050E-11	417.334000
1.511250E-11	468.678000
1.511930E-11	428.182000
1.512830E-11	621.395000
1.512830E-11	576.219000
1.512990E-11	486.706000
1.512720E-11	524.565000
1.512330E-11	393.746000
1.513180E-11	482.159000
1.513120E-11	370.452000
1.512610E-11	541.670000
1.512920E-11	428.900000
1.512850E-11	366.281000
1.512030E-11	483.117000
1.513090E-11	415.977000
1.513070E-11	440.766000
1.512260E-11	415.041000
1.511620E-11	434.215000
1.512170E-11	395.584000
1.512420E-11	434.502000
1.512740E-11	425.077000
1.512120E-11	533.606000
1.512360E-11	569.025000
1.512360E-11	554.894000
1.512590E-11	562.949000
1.512350E-11	409.618000
1.513200E-11	407.395000
1.513640E-11	368.263000
1.511990E-11	592.288000
1.512850E-11	438.281000
1.513080E-11	395.201000
1.511900E-11	405.750000
1.513000E-11	395.621000
1.512050E-11	589.298000
1.512760E-11	423.448000
1.511820E-11	405.118000
1.512410E-11	403.649000
1.513100E-11	503.985000
1.512610E-11	487.083000
1.511970E-11	505.230000
1.512210E-11	580.369000
1.512210E-11	550.855000
1.513180E-11	504.452000
1.512550E-11	415.459000
1.513350E-11	453.579000
1.513280E-11	424.411000
1.511670E-11	554.733000
1.513130E-11	506.162000
1.512950E-11	468.967000
1.512630E-11	405.794000
1.513080E-11	495.151000
1.512990E-11	543.415000
1.511410E-11	475.289000
1.512090E-11	414.162000
1.512260E-11	429.943000
1.512180E-11	499.260000
1.512610E-11	396.845000
1.511160E-11	496.279000
1.511060E-11	528.973000
1.510880E-11	480.700000
1.509240E-11	497.744000
1.510230E-11	475.275000
1.509840E-11	608.560000
1.510160E-11	577.857000
1.507700E-11	479.792000
1.508520E-11	693.857000
1.512230E-11	541.247000
1.512720E-11	407.035000
1.512660E-11	543.186000
1.512400E-11	593.475000
1.512790E-11	474.581000
1.512580E-11	389.940000
1.513010E-11	432.268000
1.512270E-11	606.322000
1.512420E-11	565.191000
1.512070E-11	403.396000
1.511860E-11	428.321000
1.512040E-11	531.854000
1.511810E-11	430.942000
1.513130E-11	487.482000
1.512440E-11	681.431000
1.512850E-11	524.044000
1.511790E-11	431.929000
1.512340E-11	639.916000
1.512410E-11	580.385000
1.513120E-11	455.035000
1.512900E-11	607.172000
1.512250E-11	557.270000
1.512950E-11	401.536000
1.512780E-11	411.300000
1.512990E-11	478.446000
1.512700E-11	524.349000
1.512060E-11	535.387000
1.511560E-11	374.161000
1.511690E-11	411.868000
1.511930E-11	451.489000
1.511440E-11	408.284000
1.512170E-11	473.364000
1.512620E-11	502.164000
1.512270E-11	604.659000
1.511700E-11	388.635000
1.511270E-11	490.642000
1.511880E-11	617.709000
1.512690E-11	449.120000
1.512010E-11	626.216000
1.511930E-11	617.171000
1.513140E-11	477.154000
1.513080E-11	412.692000
1.512740E-11	478.444000
1.512240E-11	500.247000
1.512930E-11	465.286000
1.511440E-11	385.952000
1.511210E-11	459.198000
1.511970E-11	503.298000
1.512300E-11	394.057000
1.512570E-11	461.199000
1.511980E-11	703.132000
1.512370E-11	621.679000
1.511800E-11	381.947000
1.512010E-11	659.527000
1.512410E-11	538.012000
1.513410E-11	436.759000
1.512590E-11	630.714000
1.512040E-11	635.051000
1.513080E-11	389.038000
1.512570E-11	409.886000
1.512880E-11	425.246000
1.512840E-11	560.987000
1.512340E-11	607.353000
1.512320E-11	396.061000
1.512050E-11	510.648000
1.512230E-11	460.585000
1.512670E-11	675.588000
1.512850E-11	521.546000
1.512330E-11	558.904000
1.512550E-11	597.267000
1.511760E-11	465.103000
1.512740E-11	599.617000
1.512630E-11	551.633000
1.513000E-11	461.658000
1.512720E-11	548.252000
1.512540E-11	572.837000
1.511920E-11	439.862000
1.512550E-11	408.516000
1.513010E-11	413.730000
1.512950E-11	482.398000
1.512940E-11	501.352000
1.511760E-11	590.952000
1.511800E-11	540.790000
1.512340E-11	547.528000
1.511930E-11	622.640000
1.512630E-11	462.162000
1.513070E-11	516.867000
1.513060E-11	462.787000
1.511930E-11	547.591000
1.513520E-11	483.154000
1.513410E-11	422.940000
1.511770E-11	621.347000
1.513090E-11	433.830000
1.513440E-11	468.906000
1.512730E-11	364.221000
1.512060E-11	412.448000
1.512520E-11	413.651000
1.512810E-11	481.307000
1.511640E-11	388.491000
1.512730E-11	600.794000
1.513320E-11	593.907000
1.513220E-11	458.360000
1.513070E-11	573.864000
1.512500E-11	394.922000
1.512790E-11	419.273000
1.512800E-11	392.851000
1.513750E-11	602.401000
1.512640E-11	390.639000
1.512650E-11	361.563000
1.512420E-11	606.083000
1.511970E-11	454.565000
1.512200E-11	397.073000
1.511910E-11	534.188000
1.513030E-11	630.596000
1.512710E-11	577.153000
1.512180E-11	428.232000
1.512520E-11	417.873000
1.513240E-11	459.138000
1.512840E-11	364.485000
1.512460E-11	379.366000
1.513530E-11	427.898000
1.513080E-11	688.474000
1.512350E-11	519.898000
1.512760E-11	715.836000
1.512000E-11	418.368000
1.512640E-11	508.638000
1.513480E-11	676.634000
1.513040E-11	479.234000
1.513800E-11	433.415000
1.513680E-11	476.248000
1.512630E-11	602.950000
1.512110E-11	400.835000
1.513270E-11	403.676000
1.513300E-11	418.555000
1.513390E-11	418.451000
1.512160E-11	616.206000
1.513420E-11	536.492000
1.513180E-11	610.035000
1.512840E-11	612.273000
1.511670E-11	439.684000
1.513140E-11	386.966000
1.511440E-11	426.805000
1.513200E-11	373.409000
1.512030E-11	379.876000
1.511930E-11	576.650000
1.511230E-11	538.259000
1.511670E-11	566.764000
1.511680E-11	400.585000
1.510410E-11	665.616000
1.510970E-11	453.368000
1.511350E-11	626.513000
1.510970E-11	445.499000
1.511090E-11	419.933000
1.510080E-11	420.936000
1.509670E-11	647.006000
1.508590E-11	652.303000
1.508840E-11	424.552000
1.509860E-11	402.619000
1.509840E-11	740.829000
1.510860E-11	466.591000
1.510850E-11	545.279000
1.511080E-11	586.813000
1.510050E-11	459.317000
1.509690E-11	386.583000
1.510130E-11	524.436000
1.511030E-11	427.701000
1.509650E-11	517.024000
1.510980E-11	537.341000
1.510140E-11	538.526000
1.510190E-11	498.539000
1.510350E-11	442.534000
1.511740E-11	450.908000
1.510580E-11	427.612000
1.510280E-11	425.898000
1.510950E-11	403.955000
1.510990E-11	544.767000
1.510380E-11	540.576000
1.511190E-11	530.435000
1.510560E-11	399.639000
1.511220E-11	591.923000
1.511080E-11	553.625000
1.511410E-11	438.744000
1.511900E-11	497.236000
1.512000E-11	555.333000
1.511290E-11	469.359000
1.510080E-11	451.892000
1.510280E-11	480.111000
1.510170E-11	404.700000
1.510910E-11	397.154000
1.511340E-11	566.254000
1.511810E-11	538.501000
1.511560E-11	410.239000
1.511660E-11	495.599000
1.511170E-11	488.996000
1.511630E-11	420.495000
1.511270E-11	459.652000
1.513150E-11	390.895000
1.512490E-11	478.120000
1.512090E-11	572.309000
1.512540E-11	511.145000
1.512920E-11	752.717000
1.512160E-11	756.931000
1.512700E-11	501.292000
1.512210E-11	400.414000
1.513140E-11	440.738000
1.513140E-11	575.302000
1.512700E-11	598.675000
1.512270E-11	522.504000
1.512470E-11	633.557000
1.512890E-11	605.814000
1.512480E-11	686.003000
1.512240E-11	388.786000
1.513320E-11	432.862000
1.511810E-11	401.230000
1.513440E-11	428.207000
1.512830E-11	534.163000
1.511930E-11	473.098000
1.512140E-11	522.768000
1.512100E-11	503.899000
1.512320E-11	577.555000
1.513120E-11	587.891000
1.512950E-11	380.195000
1.513250E-11	528.255000
1.512890E-11	682.164000
1.512620E-11	621.020000
1.513380E-11	457.043000
1.512310E-11	767.864000
1.512130E-11	624.153000
1.511230E-11	598.586000
1.510760E-11	375.061000
1.512090E-11	475.364000
1.509870E-11	457.972000
1.511350E-11	528.779000
1.512830E-11	374.787000
1.512010E-11	487.262000
1.511400E-11	556.373000
1.511430E-11	505.904000
1.510940E-11	480.413000
1.511800E-11	588.063000
1.511530E-11	434.924000
1.512860E-11	487.088000
1.512120E-11	523.686000
1.512470E-11	572.848000
1.510430E-11	388.333000
1.510340E-11	576.361000
1.510980E-11	648.347000
1.511250E-11	504.610000
1.510500E-11	417.538000
1.511000E-11	429.716000
1.510740E-11	404.107000
1.510550E-11	578.774000
1.510440E-11	390.951000
1.509950E-11	421.450000
1.509990E-11	609.652000
1.509920E-11	498.772000
1.509590E-11	423.388000
1.510310E-11	652.828000
1.510880E-11	581.274000
1.510550E-11	576.953000
1.510330E-11	511.889000
1.510470E-11	466.315000
1.510730E-11	550.212000
1.509940E-11	399.913000
1.510430E-11	501.010000
1.510200E-11	422.877000
1.511660E-11	474.149000
1.511260E-11	574.752000
1.511360E-11	529.275000
1.509660E-11	548.251000
1.510520E-11	339.388000
1.511670E-11	458.227000
1.510670E-11	661.821000
1.511260E-11	356.618000
1.511360E-11	398.407000
1.510560E-11	405.659000
1.509730E-11	582.765000
1.510340E-11	357.745000
1.511010E-11	409.425000
1.511500E-11	401.805000
1.510320E-11	382.090000
1.511810E-11	381.358000
1.511550E-11	421.860000
1.511300E-11	477.741000
1.510030E-11	596.591000
1.510810E-11	374.745000
1.509820E-11	566.142000
1.510640E-11	355.618000
1.511070E-11	513.161000
1.510950E-11	616.977000
1.510960E-11	640.546000
1.510920E-11	556.896000
1.510580E-11	598.672000
1.510790E-11	643.442000
1.510160E-11	360.855000
1.511510E-11	525.498000
1.511510E-11	585.296000
1.510720E-11	619.929000
1.510000E-11	457.833000
1.510670E-11	713.876000
1.510000E-11	562.345000
1.508650E-11	485.363000
1.509790E-11	349.142000
1.511020E-11	614.973000
1.509340E-11	383.682000
1.510770E-11	453.055000
1.511210E-11	369.861000
1.510010E-11	419.497000
1.509970E-11	538.356000
1.510130E-11	557.838000
1.508960E-11	456.361000
1.508650E-11	590.696000
1.510040E-11	453.434000
1.509920E-11	633.387000
1.509370E-11	619.548000
1.509690E-11	487.822000
1.510420E-11	385.855000
1.510060E-11	447.385000
1.509170E-11	449.129000
1.510610E-11	552.093000
1.511050E-11	406.575000
1.510400E-11	550.125000
1.510910E-11	461.936000
1.509620E-11	518.000000
1.510450E-11	580.326000
1.509730E-11	429.610000
1.508960E-11	531.236000
1.509730E-11	363.840000
1.509670E-11	382.740000
1.508370E-11	445.365000
1.508080E-11	473.007000
1.554150E-11	351.339000
1.570270E-11	423.497000
1.573060E-11	367.318000
1.574760E-11	310.631000
1.574850E-11	303.112000
1.575070E-11	289.693000
1.575810E-11	283.559000
1.575260E-11	338.603000
1.575150E-11	300.504000
1.574880E-11	359.905000
1.574950E-11	260.593000
1.575470E-11	345.520000
1.575410E-11	371.324000
1.575740E-11	319.981000
1.575200E-11	340.055000
1.574640E-11	358.692000
1.574750E-11	337.852000
1.573980E-11	250.984000
1.573850E-11	302.936000
1.573780E-11	288.533000
1.574540E-11	303.626000
1.573570E-11	311.857000
1.574820E-11	338.702000
1.574790E-11	326.064000
1.575140E-11	331.274000
1.574650E-11	291.089000
1.574070E-11	332.393000
1.574410E-11	260.072000
1.576100E-11	289.853000
1.574640E-11	276.736000
1.574070E-11	318.269000
1.574640E-11	337.540000
1.574430E-11	334.576000
1.574400E-11	323.667000
1.574830E-11	335.699000
1.575470E-11	282.368000
1.574160E-11	369.478000
1.573160E-11	331.676000
1.573010E-11	328.925000
1.574200E-11	259.034000
1.572590E-11	324.050000
1.573600E-11	306.119000
1.574300E-11	282.190000
1.575990E-11	284.297000
1.574260E-11	370.792000
1.575480E-11	297.391000
1.574270E-11	361.153000
1.575920E-11	343.401000
1.575140E-11	269.954000
1.575310E-11	263.174000
1.574020E-11	297.354000
1.572140E-11	277.527000
1.570940E-11	286.497000
1.570320E-11	368.190000
1.581720E-11	261.453000
1.582840E-11	289.752000
1.583250E-11	302.903000
1.584050E-11	295.173000
1.583490E-11	238.033000
1.584060E-11	236.409000
1.584100E-11	285.265000
1.583040E-11	346.464000
1.582610E-11	254.243000
1.583030E-11	343.612000
1.581940E-11	259.896000
1.580970E-11	277.359000
1.582260E-11	313.237000
1.582370E-11	313.263000
1.581890E-11	312.029000
1.581990E-11	294.635000
1.583030E-11	268.061000
1.581880E-11	256.680000
1.582590E-11	270.707000
1.582220E-11	305.235000
1.581850E-11	271.065000
1.580480E-11	292.932000
1.582160E-11	292.205000
1.581350E-11	259.923000
1.580580E-11	310.322000
1.581410E-11	255.310000
1.582740E-11	283.709000
1.582560E-11	263.284000
1.582610E-11	303.120000
1.583940E-11	284.209000
1.582400E-11	249.377000
1.581980E-11	257.661000
1.583150E-11	241.883000
1.582400E-11	238.208000
1.581830E-11	305.616000
1.581100E-11	302.007000
1.579670E-11	302.427000
1.580510E-11	263.534000
1.580460E-11	252.127000
1.582260E-11	282.641000
1.581840E-11	276.105000
1.581610E-11	250.590000
1.582390E-11	254.628000
1.581180E-11	325.740000
1.580690E-11	251.548000
1.580900E-11	287.532000
1.581510E-11	229.240000
1.578650E-11	303.462000
1.578950E-11	290.147000
1.579750E-11	311.890000
1.582650E-11	298.775000
1.583930E-11	285.134000
1.585630E-11	302.731000
1.586150E-11	262.799000
1.584660E-11	280.764000
1.582290E-11	284.689000
1.581350E-11	280.981000
1.581070E-11	250.784000
1.585760E-11	185.112000
1.579530E-11	280.158000
1.581790E-11	246.867000
1.584470E-11	279.515000
1.584300E-11	300.348000
1.585650E-11	319.705000
1.584930E-11	253.447000
1.585440E-11	306.725000
1.585960E-11	285.598000
1.585890E-11	256.509000
1.585440E-11	285.707000
1.584410E-11	329.526000
1.585070E-11	246.183000
1.583880E-11	250.457000
1.584230E-11	263.753000
1.583920E-11	242.581000
1.584610E-11	241.305000
1.584120E-11	260.893000
1.584230E-11	277.389000
1.584720E-11	264.723000
1.585630E-11	329.250000
1.585390E-11	268.770000
1.585220E-11	254.017000
1.584270E-11	289.901000
1.582830E-11	259.904000
1.582500E-11	292.080000
1.582710E-11	297.318000
1.580970E-11	255.834000
1.582400E-11	291.144000
1.581990E-11	316.922000
1.582530E-11	241.535000
1.581980E-11	225.705000
1.582210E-11	256.770000
1.581770E-11	229.906000
1.582420E-11	229.116000
1.581470E-11	251.510000
1.580320E-11	291.540000
1.580220E-11	275.169000
1.579550E-11	259.838000
1.580640E-11	275.092000
1.579930E-11	286.959000
1.580240E-11	292.183000
1.581820E-11	259.081000
1.584800E-11	303.547000
1.586740E-11	264.051000
1.586590E-11	268.154000
1.586570E-11	269.267000
1.584610E-11	293.200000
1.584010E-11	247.854000
1.585150E-11	225.395000
1.585550E-11	236.003000
1.584880E-11	227.614000
1.585950E-11	228.441000
1.585060E-11	277.616000
1.585940E-11	231.844000
1.585920E-11	275.884000
1.585310E-11	259.415000
1.586360E-11	234.882000
1.586430E-11	276.303000
1.587070E-11	260.614000
1.585660E-11	273.524000
1.586210E-11	221.093000
1.586660E-11	243.035000
1.585540E-11	231.904000
1.586860E-11	261.978000
1.586690E-11	264.322000
1.585450E-11	292.556000
1.585050E-11	234.985000
1.586080E-11	238.813000
1.587270E-11	258.686000
1.586960E-11	273.755000
1.586750E-11	292.139000
1.586960E-11	298.800000
1.586980E-11	267.946000
1.586850E-11	302.799000
1.586200E-11	240.664000
1.587340E-11	264.021000
1.587310E-11	227.776000
1.587230E-11	299.000000
1.587160E-11	261.984000
1.586810E-11	214.989000
1.586070E-11	258.322000
1.586350E-11	214.370000
1.586730E-11	216.976000
1.586390E-11	238.462000
1.585790E-11	293.903000
1.584410E-11	262.791000
1.585120E-11	290.388000
1.583490E-11	286.217000
1.582600E-11	221.442000
1.583730E-11	238.562000
1.586240E-11	233.017000
1.588150E-11	237.219000
1.587380E-11	253.070000
1.588310E-11	221.845000
1.585640E-11	247.325000
1.587220E-11	242.404000
1.586560E-11	233.151000
1.585700E-11	249.628000
1.585930E-11	280.195000
1.586550E-11	304.844000
1.587320E-11	240.075000
1.586360E-11	280.347000
1.587820E-11	279.311000
1.586490E-11	262.599000
1.586100E-11	261.394000
1.587720E-11	279.205000
1.585810E-11	260.655000
1.586770E-11	215.176000
1.586650E-11	209.846000
1.588460E-11	239.486000
1.588240E-11	291.022000
1.587550E-11	220.091000
1.587670E-11	276.245000
1.587650E-11	207.149000
1.587370E-11	222.253000
1.588240E-11	267.508000
1.587730E-11	212.450000
1.588950E-11	267.891000
1.588510E-11	262.103000
1.588630E-11	256.291000
1.589140E-11	217.753000
1.588890E-11	254.124000
1.587400E-11	250.782000
1.586690E-11	245.040000
1.587840E-11	212.921000
1.586720E-11	219.846000
1.586900E-11	236.015000
1.587000E-11	210.286000
1.588750E-11	252.602000
1.587610E-11	250.683000
1.588960E-11	251.438000
1.587110E-11	244.047000
1.587960E-11	266.375000
1.588330E-11	258.698000
1.588830E-11	250.751000
1.588220E-11	235.791000
1.588500E-11	259.518000
1.587850E-11	235.154000
1.585780E-11	204.463000
1.585990E-11	236.599000
1.586390E-11	249.750000
1.588560E-11	246.856000
1.588780E-11	210.279000
1.588810E-11	240.607000
1.587790E-11	253.510000
1.587600E-11	245.125000
1.588730E-11	207.488000
1.588820E-11	247.502000
1.588840E-11	238.862000
1.587960E-11	268.720000
1.588360E-11	264.817000
1.589310E-11	222.663000
1.587950E-11	219.100000
1.589190E-11	197.529000
1.590080E-11	217.733000
1.588880E-11	263.779000
1.586370E-11	221.913000
1.587000E-11	208.445000
1.589150E-11	242.571000
1.588770E-11	246.724000
1.586620E-11	235.409000
1.586780E-11	263.134000
1.587360E-11	263.001000
1.586710E-11	238.381000
1.587400E-11	210.418000
1.588140E-11	252.406000
1.588710E-11	206.393000
1.589050E-11	260.696000
1.589280E-11	255.885000
1.589610E-11	208.779000
1.589140E-11	263.521000
1.589120E-11	213.835000
1.589280E-11	213.807000
1.589160E-11	207.068000
1.587930E-11	219.499000
1.589160E-11	206.380000
1.589420E-11	217.349000
1.589840E-11	211.659000
1.588070E-11	231.567000
1.589490E-11	291.507000
1.588840E-11	259.607000
1.588300E-11	262.503000
1.588780E-11	205.295000
1.589590E-11	255.298000
1.589520E-11	208.935000
1.589350E-11	255.482000
1.589950E-11	235.203000
1.589090E-11	212.358000
1.588750E-11	200.041000
1.586400E-11	213.358000
1.586810E-11	224.536000
1.586700E-11	208.718000
1.586320E-11	235.142000
1.589470E-11	202.504000
1.589900E-11	205.713000
1.589940E-11	219.664000
1.588020E-11	258.847000
1.588900E-11	256.325000
1.587310E-11	251.400000
1.587870E-11	271.020000
1.588740E-11	200.055000
1.589380E-11	256.643000
1.589820E-11	202.319000
1.590320E-11	247.777000
1.590700E-11	235.151000
1.590290E-11	211.786000
1.590230E-11	201.915000
1.589970E-11	220.950000
1.590150E-11	209.971000
1.590590E-11	246.891000
1.589420E-11	242.268000
1.590240E-11	197.452000
1.590170E-11	208.883000
1.590930E-11	217.459000
1.589880E-11	208.738000
1.590770E-11	248.099000
1.590830E-11	252.367000
1.589190E-11	252.085000
1.589720E-11	205.847000
1.590870E-11	220.587000
1.589930E-11	213.602000
1.590920E-11	239.053000
1.590640E-11	217.982000
1.589910E-11	201.508000
1.589760E-11	216.449000
1.589630E-11	216.365000
1.589160E-11	214.047000
1.589450E-11	206.756000
1.590010E-11	266.944000
1.589050E-11	226.310000
1.588680E-11	211.862000
1.588390E-11	202.726000
1.589420E-11	232.422000
1.589230E-11	208.720000
1.589220E-11	273.912000
1.589030E-11	269.802000
1.588000E-11	256.522000
1.588680E-11	213.225000
1.588020E-11	239.331000
1.587520E-11	208.737000
1.586620E-11	206.663000
1.587390E-11	245.443000
1.588490E-11	253.494000
1.589880E-11	243.889000
1.589540E-11	243.971000
1.589130E-11	282.175000
1.589640E-11	223.301000
1.589230E-11	262.208000
1.588140E-11	247.424000
1.588620E-11	220.975000
1.589990E-11	207.551000
1.589150E-11	231.523000
1.588600E-11	210.509000
1.588850E-11	199.091000
1.590060E-11	238.452000
1.589390E-11	220.896000
1.589490E-11	255.233000
1.588790E-11	234.716000
1.589850E-11	217.674000
1.589980E-11	237.844000
1.590860E-11	237.980000
1.590230E-11	249.005000
1.590680E-11	245.047000
1.591400E-11	247.428000
1.590590E-11	223.444000
1.591290E-11	235.889000
1.591050E-11	252.065000
1.590360E-11	270.719000
1.590800E-11	250.329000
1.590410E-11	259.022000
1.589650E-11	251.663000
1.589720E-11	206.859000
1.591150E-11	218.628000
1.590720E-11	267.037000
1.590660E-11	234.804000
1.590400E-11	245.785000
1.590980E-11	263.500000
1.591020E-11	220.003000
1.590950E-11	212.814000
1.590720E-11	221.239000
1.590900E-11	242.345000
1.590230E-11	257.473000
1.589980E-11	226.752000
1.590470E-11	202.222000
1.590810E-11	218.452000
1.591060E-11	224.179000
1.589160E-11	273.046000
1.589270E-11	246.698000
1.588800E-11	247.282000
1.587490E-11	281.904000
1.587340E-11	242.606000
1.589990E-11	213.090000
1.590420E-11	227.641000
1.590220E-11	267.832000
1.590140E-11	215.623000
1.589130E-11	216.696000
1.589040E-11	237.971000
1.588840E-11	232.675000
1.590030E-11	212.353000
1.589230E-11	256.460000
1.590130E-11	255.533000
1.589310E-11	244.219000
1.589970E-11	225.765000
1.590440E-11	224.201000
1.591330E-11	252.357000
1.590970E-11	237.389000
1.590600E-11	194.270000
1.591200E-11	241.718000
1.590340E-11	244.102000
1.589600E-11	216.846000
1.590320E-11	240.218000
1.591740E-11	232.196000
1.590770E-11	283.449000
1.590110E-11	235.865000
1.591190E-11	227.342000
1.589940E-11	251.505000
1.589780E-11	232.766000
1.590990E-11	277.452000
1.591090E-11	256.231000
1.590870E-11	267.739000
1.590770E-11	277.896000
1.590080E-11	241.594000
1.590890E-11	213.142000
1.590570E-11	220.895000
1.590180E-11	243.143000
1.591130E-11	228.049000
1.590770E-11	253.217000
1.589940E-11	267.345000
1.590600E-11	257.010000
1.590470E-11	216.200000
1.590300E-11	265.773000
1.590610E-11	262.054000
1.591090E-11	251.132000
1.590840E-11	284.412000
1.589710E-11	294.282000
1.589410E-11	242.845000
1.589040E-11	223.354000
1.588940E-11	248.471000
1.588650E-11	258.497000
1.588810E-11	207.664000
1.587720E-11	224.086000
1.586400E-11	261.890000
1.588650E-11	270.602000
1.590590E-11	272.734000
1.590940E-11	228.322000
1.590510E-11	251.358000
1.590600E-11	235.621000
1.588350E-11	241.578000
1.589420E-11	240.182000
1.589460E-11	226.157000
1.589300E-11	224.460000
1.590970E-11	227.326000
1.590910E-11	231.711000
1.588850E-11	276.525000
1.588360E-11	231.513000
1.589510E-11	213.962000
1.590040E-11	234.268000
1.590290E-11	227.716000
1.590420E-11	240.254000
1.591180E-11	247.855000
1.591290E-11	235.665000
1.591570E-11	211.746000
1.590510E-11	225.531000
1.590930E-11	229.139000
1.590630E-11	208.972000
1.592070E-11	247.135000
1.591310E-11	215.714000
1.590550E-11	214.442000
1.590440E-11	230.833000
1.590400E-11	250.308000
1.590440E-11	228.052000
1.590960E-11	240.773000
1.592050E-11	264.805000
1.590320E-11	250.313000
1.589600E-11	255.288000
1.590050E-11	236.699000
1.590830E-11	217.159000
1.590410E-11	207.047000
1.590030E-11	228.074000
1.590970E-11	211.218000
1.591710E-11	241.594000
1.590870E-11	254.236000
1.592270E-11	263.303000
1.590130E-11	241.328000
1.590640E-11	214.865000
1.590780E-11	248.832000
1.590580E-11	221.783000
1.589980E-11	229.919000
1.590220E-11	227.580000
1.588710E-11	220.358000
1.587250E-11	227.404000
1.590580E-11	209.364000
1.591450E-11	198.722000
1.590840E-11	211.801000
1.589590E-11	212.029000
1.590440E-11	246.439000
1.590410E-11	254.223000
1.590000E-11	258.355000
1.588650E-11	237.116000
1.590150E-11	208.351000
1.589430E-11	230.313000
1.591580E-11	218.439000
1.591620E-11	216.573000
1.590920E-11	255.563000
1.591710E-11	259.841000
1.591510E-11	229.062000
1.591590E-11	254.596000
1.592240E-11	258.504000
1.592910E-11	215.560000
1.592320E-11	268.009000
1.592010E-11	275.925000
1.591080E-11	258.432000
1.591830E-11	238.626000
1.591100E-11	258.119000
1.591050E-11	230.116000
1.590940E-11	221.243000
1.592450E-11	205.053000
1.591940E-11	216.944000
1.592350E-11	204.146000
1.591810E-11	244.147000
1.593390E-11	244.328000
1.592150E-11	210.136000
1.591800E-11	194.812000
1.592280E-11	197.384000
1.592420E-11	208.728000
1.591130E-11	203.236000
1.592140E-11	240.218000
1.591000E-11	235.422000
1.591510E-11	211.984000
1.591820E-11	244.284000
1.593130E-11	238.059000
1.591970E-11	203.910000
1.591780E-11	197.718000
1.591140E-11	229.167000
1.592340E-11	241.981000
1.591110E-11	212.809000
1.591840E-11	247.692000
1.590800E-11	201.839000
1.590490E-11	268.300000
1.590470E-11	242.245000
1.590720E-11	223.615000
1.590530E-11	266.075000
1.591920E-11	247.836000
1.592020E-11	200.524000
1.591760E-11	210.772000
1.592870E-11	203.830000
1.593600E-11	214.235000
1.593780E-11	230.992000
1.593360E-11	244.467000
1.593990E-11	242.500000
1.593410E-11	221.327000
1.593230E-11	237.226000
1.592910E-11	214.415000
1.592620E-11	225.535000
1.592670E-11	194.506000
1.594370E-11	212.688000
1.593070E-11	202.033000
1.592610E-11	208.460000
1.593730E-11	246.957000
1.592560E-11	243.101000
1.592390E-11	225.593000
1.593170E-11	239.427000
1.594450E-11	225.940000
1.593550E-11	234.680000
1.592580E-11	247.487000
1.592850E-11	249.040000
1.592980E-11	210.647000
1.592410E-11	228.674000
1.592760E-11	226.416000
1.593360E-11	196.309000
1.594190E-11	215.509000
1.593340E-11	247.858000
1.594580E-11	221.710000
1.592800E-11	254.632000
1.593640E-11	221.208000
1.594320E-11	199.363000
1.593760E-11	191.407000
1.592320E-11	201.465000
1.593600E-11	196.800000
1.593290E-11	212.875000
1.592670E-11	246.021000
1.592740E-11	212.207000
1.593130E-11	193.993000
1.593570E-11	263.103000
1.592540E-11	219.679000
1.594240E-11	199.533000
1.593300E-11	197.571000
1.594130E-11	237.739000
1.593050E-11	274.795000
1.592940E-11	201.223000
1.592740E-11	247.574000
1.592250E-11	212.608000
1.593820E-11	205.800000
1.593300E-11	249.081000
1.593670E-11	227.403000
1.591600E-11	243.103000
1.591340E-11	234.665000
1.589740E-11	256.577000
1.589710E-11	205.482000
1.606700E-11	173.847000
1.619540E-11	166.772000
1.624840E-11	156.949000
1.623530E-11	171.634000
1.596260E-11	231.336000
1.595400E-11	267.720000
1.594240E-11	245.037000
1.593850E-11	201.997000
1.595260E-11	216.355000
1.594090E-11	221.431000
1.596910E-11	209.516000
1.596640E-11	205.110000
1.596080E-11	215.090000
1.595080E-11	220.094000
1.595660E-11	212.079000
1.595560E-11	226.194000
1.596390E-11	192.496000
1.596770E-11	214.825000
1.596670E-11	235.278000
1.596800E-11	194.632000
1.596820E-11	202.418000
1.596650E-11	182.535000
1.595750E-11	201.623000
1.595050E-11	238.410000
1.595470E-11	196.827000
1.596530E-11	203.206000
1.596590E-11	236.458000
1.596390E-11	212.324000
